((("Readings" .
   [0 0 0 0 0 0 0 2])
  ("Paper" .
   [1 0 0 0 0])
  ("Approach" .
   [1 0 0 0 0 0 0 0])
  ("Fermion" .
   [1 0 0 0 0 0 0])
  ("method" .
   [1 0 0 0 0 0])
  ("that" .
   [1 0 0 0])
  ("Sign" .
   [1 0 0 0])
  ("Notes" .
   [1 0 0 0 0])
  ("Concepts" .
   [1 0 0 0 0 0 0 0])
  ("DONE" .
   [1 0 0 0])
  ("Problem" .
   [1 0 0 0 0 0 0])
  ("Link" .
   [1 0 0 0])
  ("File" .
   [2 0 0 0])
  ("PHYS-701-HW-5-Notes" .
   [0 0 0 0 0 0 0 0 0 0 0 0 0 0 0 0 0 0 1])
  ("Strawberry" .
   [0 0 0 0 1 0 0 0 0 0])
  ("Onions" .
   [1 0 0 0 0 0])
  ("Red" .
   [1 0 0])
  ("Cauliflower" .
   [1 0 0 0 0 0 0 0 0 0 0])
  ("Tomato" .
   [1 0 0 0 0 0])
  ("and" .
   [2 0 0])
  ("monitor" .
   [1 0 0 0 0 0 0])
  ("will" .
   [2 0 0 0])
  ("xorg-server" .
   [1 0 0 0 0 0 0 0 0 0 0])
  ("up_speed" .
   [0 0 0 0 0 1 0 0])
  ("altkey" .
   [1 0 0 0 0 0])
  ("number" .
   [5 0 0 0 0 0])
  ("args" .
   [1 0 0 0])
  ("OPTARG" .
   [0 0 0 0 1 0])
  ("PAPER_SIZE" .
   [0 0 0 0 0 0 0 0 2 0])
  ("modified_" .
   [1 0 0 0 0 0 0 0 0])
  ("Booklet_" .
   [1 0 0 0 0 0 0 0])
  ("createBooklet" .
   [0 0 0 0 0 0 0 0 0 0 1 0 0])
  ("-n" .
   [1 0])
  ("OUTPUT_FILE" .
   [0 0 0 0 0 0 1 2 0 0 0])
  ("rm" .
   [1 0])
  ("KEEP_BOOKLET_FLG" .
   [0 0 0 0 1 0 1 0 0 0 0 0 0 0 0 0])
  ("totalBookletNumber" .
   [0 0 0 0 0 0 0 1 0 0 0 0 0 0 0 0 0 0])
  ("numberOfBooklets" .
   [0 0 0 0 0 0 0 0 0 1 1 0 0 0 0 0])
  ("bookletTotalPageNum" .
   [0 0 0 0 0 0 0 0 0 1 0 1 0 0 0 0 0 0 0])
  ("totalPDFPageNum" .
   [0 0 0 0 0 0 0 0 2 0 0 0 0 0 0])
  ("t" .
   [2])
  ("numberOfBlankPages" .
   [0 0 0 0 0 0 0 0 0 0 0 0 1 1 0 0 0 0])
  ("PDF" .
   [1 0 0])
  ("n" .
   [2])
  ("the" .
   [4 0 0])
  ("EXTRA_BOOKLET" .
   [0 0 0 1 2 0 0 0 0 0 0 0 0])
  ("INPUTRC" .
   [0 0 0 0 1 0 0])
  ("pdftk" .
   [6 0 0 0 0])
  ("output" .
   [4 0 0 0 0 0])
  ("cat" .
   [4 0 0])
  (".pdf" .
   [3 0 0 0])
  ("right" .
   [3 0 0 0 0])
  ("i.pdf" .
   [3 0 0 0 0])
  ("--outfile" .
   [0 0 0 0 0 1 0 0 0])
  ("--landscape" .
   [1 0 0 0 0 1 0 0 0 0 0])
  ("2x1" .
   [1 0 0])
  ("--nup" .
   [2 0 0 0 0])
  ("left_page_num" .
   [0 0 0 0 1 0 0 0 0 0 0 0 0])
  ("bundle_page_sum" .
   [0 0 0 0 0 0 0 0 0 0 0 0 0 0 1])
  ("page_" .
   [2 0 0 0 0])
  ("bundle_half_page_num" .
   [0 0 0 0 1 0 0 0 0 0 0 0 0 0 0 0 0 0 0 0])
  ("seq" .
   [1 0 0])
  ("input_pdf" .
   [0 0 0 0 0 0 1 0 0])
  ("nil" .
   [1 0 0])
  ("set-frame-font" .
   [0 0 0 0 0 0 0 0 0 0 0 0 1 0])
  ("tags" .
   [1 0 0 0])
  ("properties" .
   [0 0 0 0 0 0 1 0 0 0])
  ("class" .
   [1 0 0 0 0])
  ("output-pdf" .
   [1 0 0 0 0 0 0 0 0 0])
  ("TeX-view-program-selection" .
   [0 0 0 0 0 0 0 0 0 0 0 0 0 0 1 0 0 0 0 0 0 0 0 0 0 0])
  ("setq" .
   [1 0 0 0])
  ("set" .
   [1 0 0])
  ("modkey" .
   [2 0 0 0 0 0])
  ("foggy-night-theme" .
   [0 0 0 0 0 0 1 0 0 0 0 0 0 0 0 0 0])
  ("2f" .
   [1 0])
  ("$>=" .
   [1 0 0])
  ("Percentage" .
   [0 0 0 1 0 1 0 0 0 0])
  ("Budget" .
   [1 0 0 0 0 0])
  ("Optional" .
   [1 0 0 0 0 0 0 0])
  ("+TBLFM" .
   [1 0 0 0 0 0])
  ("Total" .
   [7 0 0 0 0])
  ("Daily" .
   [1 0 0 0 0])
  ("Detail" .
   [2 0 0 0 0 0])
  ("<10>" .
   [1 0 0 0])
  ("Blue" .
   [1 0 0 0])
  ("Expensive" .
   [0 0 0 0 0 1 0 0 0])
  ("SSD" .
   [1 0 0])
  ("only" .
   [1 0 0 0])
  ("Computer" .
   [2 0 0 0 0 0 0 0])
  ("for" .
   [1 0 0])
  ("Tax" .
   [4 0 2])
  ("Shipment" .
   [1 0 0 0 0 0 0 0])
  ("Immediate" .
   [0 0 0 1 1 0 0 0 0])
  ("*" .
   [8])
  ("**" .
   [10 0])
  ("to" .
   [2 0])
  ("Monthly" .
   [2 0 0 0 0 0 0])
  ("Balance" .
   [1 0 0 0 0 0 0])
  ("Items" .
   [1 0 0 0 0])
  ("Costs" .
   [2 0 0 0 0])
  ("|--------+-------|" .
   [0 0 1 0 0 0 0 0 0 0 0 0 0 0 0 0 0 0])
  ("Trash" .
   [2 0 0 0 0])
  ("Bag" .
   [2 0 0])
  ("Expense" .
   [1 0 0 0 0 0 0])
  ("Knife" .
   [1 0 0 0 0])
  ("Pot" .
   [1 0 0])
  ("Wok" .
   [1 0 0])
  ("Containers" .
   [0 0 0 0 0 0 0 0 0 1])
  ("Tide" .
   [1 0 0 0])
  ("Bath" .
   [1 0 0 0])
  ("Tissue" .
   [1 0 0 0 0 0])
  ("total" .
   [3 0 0 0 0])
  ("@I" .
   [2 0])
  ("@II" .
   [2 0 0])
  ("NAME: " .
   [0 1 0 0 1 0])
  ("Liquid" .
   [1 0 0 0 0 0])
  ("Detergent" .
   [0 0 0 0 1 0 0 0 0])
  ("Price" .
   [3 0 0 0 0])
  ("Qty" .
   [2 0 0])
  ("Salt" .
   [1 0 0 0])
  ("Sugar" .
   [1 0 0 0 0])
  ("Oil" .
   [1 0 0])
  ("Rice" .
   [1 0 0 0])
  ("White" .
   [3 0 0 0 0])
  ("Vinegar" .
   [0 0 0 1 0 0 0])
  ("lb" .
   [5 0])
  ("DPI" .
   [0 0 1])
  ("Tower" .
   [1 0 0 0 0])
  ("Corn" .
   [1 0 0 0])
  ("+" .
   [3])
  ("Sum" .
   [1 0 2])
  ("sum" .
   [1 0 0])
  ("load-theme" .
   [1 0 0 0 0 0 0 0 0 0])
  ("add-to-list" .
   [1 0 0 0 0 0 0 0 0 0 0])
  ("package-archives" .
   [0 0 0 0 0 0 0 0 0 0 1 0 0 0 0 0])
  ("Latex" .
   [0 0 0 1 0])
  ("mysystemmenu" .
   [0 0 0 0 0 0 1 0 0 0 0 0])
  ("/usr/bin/zsh" .
   [2 0 0 0 0 0 0 0 0 0 0 0])
  ("INPUT_FILE" .
   [1 0 0 0 0 0 3 1 0 1])
  ("endPDFPageNum" .
   [0 0 0 0 0 0 4 0 0 0 0 0 0])
  ("startPDFPageNum" .
   [0 0 0 0 0 0 3 0 1 0 0 0 0 0 0])
  ("bookletHalfPageNum" .
   [0 0 0 0 0 0 0 0 1 0 0 0 0 0 0 0 0 0])
  ("middlePDFPageNum" .
   [0 0 0 0 0 1 1 0 0 0 0 0 0 0 0 0])
  ("Even" .
   [3 0 0 0])
  ("odd" .
   [1 0 0])
  ("p" .
   [2])
  ("PAPER_NUM_EACH_BOOKLET" .
   [0 0 0 5 0 4 0 0 0 0 0 0 0 0 0 0 0 0 0 0 0 0])
  ("OddPart.pdf" .
   [1 0 0 0 1 2 0 0 0 0 0])
  ("EvenPart.pdf" .
   [0 0 0 0 0 3 0 0 0 0 0 1])
  ("shuffle" .
   [1 0 0 0 0 1 0])
  ("pdfjam" .
   [1 0 0 0 0 0])
  ("OddBooklet.pdf" .
   [0 0 0 0 0 0 1 0 0 0 0 0 0 0])
  ("-o" .
   [1 0])
  ("PDFTK_CMD" .
   [1 0 0 0 1 4 0 2 1])
  ("bash" .
   [1 0 0 0])
  ("-q" .
   [2 0])
  ("wibox" .
   [1 0 0 0 0])
  ("widget" .
   [1 0 0 0 0 0])
  ("imagebox" .
   [1 0 0 0 0 0 0 0])
  ("beautiful" .
   [1 0 0 0 0 0 0 0 0])
  ("cpuicon" .
   [1 0 0 0 0 0 0])
  ("powerline" .
   [1 0 0 0 0 0 0 0 0])
  ("require" .
   [1 0 0 0 0 0 0])
  ("treesome" .
   [0 0 0 0 1 0 0 0])
  ("my" .
   [1 0])
  ("rule" .
   [1 0 0 0])
  ("floating" .
   [1 0 0 0 0 0 0 0])
  ("name" .
   [1 0 0 0])
  ("***" .
   [7 0 8])
  ("TODO" .
   [3 0 0 0])
  ("Potato" .
   [2 0 0 0 0 0])
  ("STARTUP: " .
   [0 0 1 0 0 0 0 0 0])
  ("indent" .
   [0 0 0 1 0 0])
  ("Unit" .
   [2 0 0 0])
  ("Half" .
   [2 0 0 0])
  ("<2016-10-06 Thu> Harris Teeter" .
   [0 0 0 0 0 0 0 0 0 0 0 0 0 0 0 0 0 0 0 0 0 0 0 0 0 0 0 0 0 3])
  ("****" .
   [10 0 0 0])
  ("Wings" .
   [1 0 0 0 0])
  ("Ribs" .
   [1 0 0 0])
  ("Units" .
   [1 0 0 0 1])
  ("Ginger" .
   [1 0 0 0 0 0])
  ("Root" .
   [0 0 1 0])
  ("Large" .
   [0 0 0 1 0])
  ("Small" .
   [1 0 0 0 0])
  ("Garlics" .
   [1 0 0 0 0 0 0])
  ("*****" .
   [10 0 0 0 0])
  ("******" .
   [6 0 0 0 0 0])
  ("TITLE: " .
   [0 1 0 1 0 0 0])
  ("PHYS-721-HW-6-Notes" .
   [0 0 0 0 0 0 0 0 0 0 0 0 0 0 0 0 0 0 1])))
